====== Drzewo Genealogiczne ======

Format: (PID, PPID, GPID)

(85541, 85540, 85540)__________________________
   |                   |                      |
   |                   |                      |
   |                   |                      |
(85548, 85541, 85540)  (85546, 85541, 85540)  (85542, 85541, 85540)
                       |                      |                  |                                
                       |                      |                  | 
                       |                      |                  | 
               (85547, 85546, 85540)    (85545, 85542, 85540)   (85543, 85542, 85540)
                                                                 | 
                                                                 | 
                                                                 |                                                                 
                                                               (85544, 85543, 85540)